0.5	0.00648535115791065	0.00482903868486469	0.00783222643742876	0.00626068221188226	0.00362459254188217	0.00554996401203288	0.00558352329172754	0.00360516547152021	0.00411524450703891	0.00631460895188228	0.00463561346137828	0.00564553605957106	0.00705877209789968	0.00696531235586235	0.0097878053707523	0.0130735288459268	0.0113894597768489	0.00546445101371259	0.00671104785971742	0.0103559183365603	0.00600857983962417	0.00607208208492511	0.0072040764166231	0.00685072740775155	0.014207612682495	0.00529733526975385	0.0167911770581499	0.0098067820169148	0.0126826847141752	0.00686535846555257	0.0054936591210527	0.00955623513160141	0.00553500042063589	0.014113999010448	0.00659420990514464	0.0130392779565229	0.0109575866357085	0.00838992605195988	0.0111055003548434	0.00463791479176825	0.00665947432276648	0.0049323122564042	0.00659347667292126	0.0120139986098258	0.00545887826557066	0.00804506100647678	0.00693758514138544	0.00590641292331194	0.0058837968263323	0.00596954239225686	0.00775524281564363	0.0064342415341815	0.0117582546206118	0.0112507472002871	0.00813481846380311	0.00718012576932155	0.00564684760530423	0.00458960169705055	0.0054027886119388	0.00606413665105352	0.00552798863176027	0.00671880566707606	0.00778083388504121	0.00637528910548018
0.00648535115791065	0.5	0.00412773049691083	0.011072966520892	0.00531587130905582	0.00315712588341411	0.00368377982845489	0.00420181674716242	0.00335722874338635	0.00414652469954533	0.0248552499584827	0.00551540664182736	0.00616213806478679	0.0186975447143297	0.0111571516064889	0.0154930955323211	0.003656761879848	0.0122625700972798	0.00453526650196799	0.00495681484268825	0.012693733132134	0.00591185983099144	0.00622454444368544	0.0059570922857579	0.00660202123258585	0.00434920059133539	0.00581876851196603	0.0210505547871474	0.00605142534814244	0.0110463143891136	0.0106427641007357	0.00443579675943168	0.00574750436958887	0.00440330196066452	0.00602590758879995	0.00626791002702608	0.0130450675286732	0.0265693120238306	0.00425480466605961	0.0152586776929161	0.0101753153888727	0.00366462045098175	0.00899729637659804	0.00468352577588827	0.00798830224766721	0.00513047674685029	0.00692710658522405	0.00530854518288663	0.0101122795469501	0.00374463713574981	0.0051000311633295	0.00494151708917222	0.00517185247319796	0.00662886307901782	0.0127016155541693	0.00437695027679007	0.00563240675831975	0.00487837300472284	0.00539538829632706	0.00652485035839267	0.00484258285357345	0.00963763040917758	0.0047424907986669	0.00811370757253222	0.00745512987390997
0.00482903868486469	0.00412773049691083	0.5	0.00591480746628246	0.0104729822582054	0.0102240978144939	0.0116682888353364	0.0060953860276175	0.010521870066081	0.00695212163643056	0.00448509428296045	0.0049764783641819	0.00507792497661079	0.00520624166493476	0.0107994272065196	0.00460068707796122	0.00748693403410313	0.005344413576723	0.00508409074470123	0.00559481062606661	0.00457971433229343	0.00617794482448717	0.00461422226712817	0.00420987798347955	0.00418458448827855	0.00614943264643167	0.00605342103852696	0.0044716069463312	0.00688805524334931	0.00489335756701314	0.00690771361943621	0.00841052970252916	0.0064058734498232	0.0155273224350482	0.00639332458276916	0.00677396658414221	0.00501513632315009	0.0049270925279917	0.0267192183513637	0.00459279627689507	0.0120867184361319	0.0110672942149898	0.0140339312756135	0.00812656998165488	0.00555837691563872	0.00981638283782087	0.00590788930462998	0.00513571971065916	0.00915900003252206	0.0126523643073319	0.00550536194734872	0.010197024529685	0.00606814103645838	0.00861828295994058	0.00880672599939727	0.0114734282036536	0.00556772982340288	0.014891077646678	0.0115993135948963	0.00908407869890653	0.0124826094473578	0.012269228172655	0.00602646682981917	0.00403311541775216	0.00632451401454658
0.00783222643742876	0.011072966520892	0.00591480746628246	0.5	0.00936593308570347	0.0079209203174742	0.00340246354768394	0.00904537553734872	0.00638498780718614	0.00344801199346908	0.0154005929019107	0.00418814783555554	0.00565524856497851	0.00453474266855058	0.00722460045937858	0.00622499651183331	0.00411274785555294	0.0168461889190043	0.0124451081964019	0.00757448381631937	0.00981847558243243	0.00703856792530377	0.0104400343321374	0.0130671884394322	0.0159200941720842	0.0037723819012276	0.00706965271361006	0.00924271875306831	0.00878219460872526	0.00627949118073701	0.00907289587760861	0.00942541559008603	0.00420782304474205	0.00981259970010584	0.00475392853014182	0.0133470303139804	0.00650462022605251	0.0074004484242407	0.00449265382164063	0.0103906935474491	0.0105220475745431	0.00453114262453085	0.00876020370694428	0.00673382055397236	0.00983804987305721	0.00674156570698439	0.0127756341211177	0.00738907458892331	0.00636811481051362	0.00458577135270532	0.00789634963717253	0.00408766594734448	0.0123274240955367	0.00900472762734118	0.00957371296709515	0.00459239490814284	0.00610787090927955	0.0105848077435028	0.00949672106056054	0.00699443362265276	0.00457590591427022	0.00710145483967285	0.00626860007852206	0.0130057647688862	0.012213423353123
0.00626068221188226	0.00531587130905582	0.0104729822582054	0.00936593308570347	0.5	0.00399910966521552	0.0044806103681247	0.00603822623408243	0.00390171690135131	0.00530578944763144	0.00536516314410535	0.00606807283564247	0.0048991426347303	0.00518396210923339	0.0163086535522258	0.0054427811258146	0.00919080425248861	0.00536365968358021	0.00563097007168028	0.00986119432532259	0.00512013038233922	0.00576155318350703	0.00516357842566799	0.00443702574487168	0.00602806061642158	0.0139034292728089	0.00647269748758162	0.00576932605439974	0.0141414880483813	0.0049706010106011	0.00635053659515654	0.00458072644155168	0.00471085503986131	0.00571440315552458	0.0159648955978538	0.0156196193712308	0.00581048474688882	0.00617001942359322	0.00719835040169447	0.0130578216733713	0.0139857925032055	0.0168226599205577	0.014722487727469	0.00533873313407713	0.0167373792384909	0.00689133891928911	0.00587112913422646	0.00531676107074611	0.00825669473228598	0.00488679487460997	0.00572850008477194	0.00349173599337818	0.00582440518238426	0.00589304457531713	0.00803489785327556	0.00590663877195774	0.00874609951427325	0.0084966124236917	0.0112402188487229	0.00894720009728553	0.0067212780067301	0.015370939784607	0.00411198141493759	0.00446197782094541	0.00644470612982168
0.00362459254188217	0.00315712588341411	0.0102240978144939	0.0079209203174742	0.00399910966521552	0.5	0.00709370574552087	0.0150901556473207	0.106470080444535	0.0110699267778237	0.00344607763845648	0.0121418940690457	0.0038591178995956	0.00810453565294354	0.00383804118910557	0.0041717114188739	0.00932563218473647	0.00377385549725771	0.00431846195049345	0.00505574602589267	0.00363027964026643	0.00393352029967939	0.00374534458243588	0.00431363586030359	0.00464243072828765	0.0039208311567289	0.00504185635412586	0.00324755277739074	0.00398894053901831	0.00363107207636551	0.008239891515966	0.00717505655662144	0.00907399939307743	0.00498970662836556	0.00405528991759805	0.00694248407555795	0.00362343567966062	0.00382932914696563	0.00550390814207277	0.00359234256053855	0.00385682846601304	0.00505754560759355	0.00489917823476544	0.00624826918206171	0.00371145583909171	0.0161590277571846	0.00312437752553653	0.00385688626411729	0.00320357826685908	0.00776801328791196	0.00469064703527262	0.0074258401344281	0.0152866674161714	0.00370386520362391	0.00371343638138777	0.0105806764931495	0.0124335190080459	0.0166787318568156	0.0112033213771834	0.00835214349725865	0.00411321154289848	0.00444330036833473	0.00528942977048045	0.0094722979404574	0.00386633356082226
0.00554996401203288	0.00368377982845489	0.0116682888353364	0.00340246354768394	0.0044806103681247	0.00709370574552087	0.5	0.00623128095825253	0.00639345156323665	0.0667692880071304	0.00374368176401376	0.0175766104187743	0.00950937554082359	0.0133840355053277	0.00395210080504559	0.00446151154701631	0.0107685547777786	0.00406045695591879	0.0105039212493388	0.00523153498920844	0.00460025777157138	0.00380680206756115	0.0158284021335253	0.00360812280208189	0.00359773859695646	0.00646774457981204	0.00928211920959367	0.00372821167167892	0.00689013485777598	0.00671413967966976	0.00368553256411735	0.00569976139133015	0.0100232449093083	0.0079749561847781	0.00848937656147817	0.00588807805075962	0.00437735214309552	0.00360955706042775	0.00735042658019929	0.00418645745710612	0.00757652833703623	0.00620999056923214	0.0040592227913019	0.00653176132991776	0.00449177452705968	0.00662155191673142	0.00426139927610411	0.00744421838439441	0.00415912640856317	0.00627734257621452	0.0076265258536552	0.00773095552936904	0.00653682252072917	0.00531327120239716	0.0042358524292548	0.0294453858101896	0.0176658253047723	0.00639122956018998	0.00556653370624784	0.00493635974673605	0.00884114737099399	0.00443525327267751	0.0133508925946471	0.00398712902324793	0.00471142014612768
0.00558352329172754	0.00420181674716242	0.0060953860276175	0.00904537553734872	0.00603822623408243	0.0150901556473207	0.00623128095825253	0.5	0.0141316039221616	0.0111912801647408	0.00463508697462148	0.00508918742354497	0.00502686991618025	0.00703344324823856	0.00972646715051243	0.00410180191296567	0.0165262992507527	0.00499472636289183	0.00485682287106419	0.00912407162071666	0.0046325756952273	0.0180002687188907	0.00426546939031155	0.00466298096680424	0.00527680461258656	0.00706126418158697	0.00998030866350438	0.00504727269239133	0.00572587152718296	0.00470625358570042	0.00509158346067893	0.00934388115225447	0.00404600767509155	0.0044141517213067	0.00968281879902875	0.00501455352350038	0.00461925707197926	0.00553925839985905	0.00513033355473289	0.00459274743404048	0.00570271514136539	0.00764396586447253	0.00581511410107348	0.0104118288329464	0.0100471558129383	0.015543699785796	0.00948763804875571	0.00500070789455187	0.00448819423981839	0.00512185526280168	0.00623481283661615	0.00337014365425013	0.0106838997657659	0.0130335898316639	0.00474977305775979	0.00973123736895979	0.0135461747717485	0.0200482274234952	0.014556797487141	0.0214714832080906	0.00546323424191163	0.00488596092694955	0.00484131365013033	0.00510567667882092	0.00524786525001784
0.00360516547152021	0.00335722874338635	0.010521870066081	0.00638498780718614	0.00390171690135131	0.106470080444535	0.00639345156323665	0.0141316039221616	0.5	0.0110294710226982	0.00347758833868249	0.00869889846501559	0.00388468531170975	0.011759052091171	0.00383351604051231	0.00468981454606714	0.00940915487238626	0.00373145814146296	0.0043175138010267	0.00454524681770568	0.00372726450649449	0.00395257522185294	0.00372426142521976	0.00432294063747267	0.00470494366889739	0.00396204107228254	0.00502324270445661	0.00323966824290877	0.00407627259024586	0.00367908258733021	0.00827517093410593	0.00868383390004584	0.00946173167763632	0.0053191509174857	0.00408960320393618	0.00614488977291573	0.00351128686120098	0.00383879921261139	0.00605229722206172	0.00348719291451066	0.00375841274471827	0.00510019640503293	0.00452421223219632	0.00635443806427441	0.0036264343401555	0.0157346427359924	0.00303923794710283	0.00371582785892792	0.00322333680243738	0.00789626098103568	0.00475449476423677	0.00763542961733621	0.0156274985869859	0.0037619479496533	0.00372724189850691	0.0105490426754486	0.0115581658778138	0.0166896995847646	0.0112583598000728	0.00847726664658538	0.00411841993434459	0.00438443545138214	0.00543386641890852	0.00942909397806992	0.00381752196194882
0.00411524450703891	0.00414652469954533	0.00695212163643056	0.00344801199346908	0.00530578944763144	0.0110699267778237	0.0667692880071304	0.0111912801647408	0.0110294710226982	0.5	0.00303106709055138	0.0165047782083686	0.00580527677912791	0.0103112410012032	0.0035056562977902	0.00512232277077284	0.00751063958836174	0.00458503662955142	0.0136544282376173	0.00617135611836209	0.00381712568428838	0.00353315896540544	0.00805360212162801	0.00347755046918876	0.00318158977650331	0.00811547611944722	0.0054799263552548	0.00345078713687823	0.00889663594865622	0.00517243076575365	0.00343307165312483	0.00901177068650378	0.00759123216580752	0.00676587071656583	0.00930816294622483	0.00435497266843048	0.0041068721570599	0.00346883309628943	0.0152075239594768	0.00359289305424969	0.00437695429081815	0.00481492228884689	0.00350974890435809	0.00393674500651138	0.0039106801137245	0.0122154964086109	0.00283605772235937	0.00547583790518076	0.00370074980691843	0.00533849040512788	0.00562911144349575	0.00707723288687095	0.00616144583885051	0.00513608359120461	0.00525674775687112	0.0212937349295991	0.0182375218105696	0.0109673375787326	0.00876650048032988	0.00395859946359032	0.00742325837719253	0.00443828854076578	0.00999563762331892	0.00332005783762131	0.00401342805133736
0.00631460895188228	0.0248552499584827	0.00448509428296045	0.0154005929019107	0.00536516314410535	0.00344607763845648	0.00374368176401376	0.00463508697462148	0.00347758833868249	0.00303106709055138	0.5	0.00529881394227062	0.00482310787271389	0.0148252259967034	0.0123402386128121	0.00968040024648335	0.00382639536418602	0.0143179213813221	0.00499582579770555	0.00496169078894493	0.0104567509294548	0.00733459052508505	0.00618772408451855	0.00752808404360922	0.00771460401978182	0.00442565555323193	0.0116679630628621	0.015892550669468	0.00637618015165898	0.0116399530840821	0.00739302610327871	0.00483161538122109	0.0070550715472142	0.0046615779320753	0.00450256327003049	0.00645797546144867	0.0119641306329818	0.0120952883508563	0.00684032028445254	0.0109859612715412	0.0114164678308204	0.00376650196860424	0.0107442919089713	0.00578909535491653	0.00796994821192544	0.00507602088544365	0.00873037045129568	0.00552008259754597	0.00548551154645102	0.00435089497079687	0.00550412380104854	0.00624024008180988	0.00563245381077512	0.00737867355854875	0.010225989271998	0.00454647133367661	0.00722084358921548	0.00463127935608529	0.00574289883569048	0.00763257625653552	0.0100811364732152	0.00588630598128187	0.00577588122999896	0.00850261115566098	0.00532391313443091
0.00463561346137828	0.00551540664182736	0.0049764783641819	0.00418814783555554	0.00606807283564247	0.0121418940690457	0.0175766104187743	0.00508918742354497	0.00869889846501559	0.0165047782083686	0.00529881394227062	0.5	0.0130328940603456	0.0188489507097555	0.00413882650759709	0.0108263167057342	0.00497951964696461	0.00524156978133374	0.00816515645666907	0.00472721774975408	0.00531262726383283	0.00606678775252929	0.00790109157261384	0.0147825363157613	0.00643500281573685	0.00474336961210544	0.0105674953643706	0.0049267755246538	0.00427329349996158	0.00489093336918275	0.0114227190091464	0.00560619266983343	0.00614230333811807	0.00485779637878053	0.00440988420631149	0.00455331913147294	0.0159294330534724	0.00463981048220301	0.00474332686236162	0.0107932326307228	0.00620601196999983	0.00346824938543369	0.00420853124293299	0.00672649438088156	0.00413379446581941	0.0172887198146005	0.00414819727781938	0.0144680546974011	0.00506603030845913	0.00486267645844687	0.00546218962605141	0.00602569046960797	0.00562342448660528	0.00522442061831141	0.00436349968803901	0.0106294125120638	0.00613759369143551	0.00532211140672198	0.00502927034326734	0.00583923259278417	0.00997625792898797	0.00646367868228538	0.00914033990179419	0.00935051190167572	0.00418665383485459
0.00564553605957106	0.00616213806478679	0.00507792497661079	0.00565524856497851	0.0048991426347303	0.0038591178995956	0.00950937554082359	0.00502686991618025	0.00388468531170975	0.00580527677912791	0.00482310787271389	0.0130328940603456	0.5	0.0054628696271221	0.00500826298297944	0.0108004895500223	0.00965932076587606	0.00547029481185895	0.0121165399525356	0.00864204070259765	0.00873084750114228	0.00602010069100752	0.00999268409851432	0.00635073229544515	0.00957165945104058	0.0105484549470711	0.00539585434332518	0.0059799644316829	0.00611318991390192	0.00595051956348268	0.0110918179905148	0.0152151561757296	0.0126124365940645	0.00569881517556012	0.0047977863841981	0.00598939011372451	0.00728912258055604	0.00556351774733158	0.00521091418049075	0.010087608709098	0.00457708065139329	0.00505446411608419	0.00411848207733208	0.0108845443796794	0.00644307602652081	0.0053173270509539	0.00545162001569576	0.0192704797042997	0.0189092964822476	0.0134614592928888	0.0117486049434462	0.0102983736602686	0.00592944788482483	0.0105615064936897	0.00661729831662823	0.00566561470101201	0.00631315297514587	0.00458057333206592	0.00452256572075105	0.00843920312058711	0.00576393944526361	0.00538132939965447	0.00756288053801171	0.00538276798375666	0.0104640560727722
0.00705877209789968	0.0186975447143297	0.00520624166493476	0.00453474266855058	0.00518396210923339	0.00810453565294354	0.0133840355053277	0.00703344324823856	0.011759052091171	0.0103112410012032	0.0148252259967034	0.0188489507097555	0.0054628696271221	0.5	0.00525560425283675	0.00503937783292558	0.0105799976749894	0.00513031530330784	0.00714336585486843	0.00602717326161125	0.00522133501334133	0.00907060488495725	0.00581431271278971	0.00430638555039287	0.00412701253458908	0.0124950485551531	0.009708170362805	0.00618794356260756	0.008939623884477	0.00709808680529963	0.00508413676000301	0.00612504211734077	0.0124772697752322	0.00497855678147117	0.0128624386757773	0.00414927069323994	0.00761647590352043	0.00572300028757611	0.00550372724913394	0.00539321280481963	0.0047903387509731	0.00664226946644168	0.0078654440478857	0.0073576337915429	0.00621317689634124	0.0125517920727471	0.00621575752090058	0.00568713038470628	0.00500691608709695	0.00748978631453471	0.00529674253636966	0.012524452503036	0.00876474427630476	0.00896945646243078	0.00526560610775482	0.00791177217896372	0.0125773226163558	0.00568125546135498	0.00451554795541285	0.00476521333196488	0.0108954215164998	0.00559076115407889	0.0110323131237707	0.00455599988967278	0.00490974134228289
0.00696531235586235	0.0111571516064889	0.0107994272065196	0.00722460045937858	0.0163086535522258	0.00383804118910557	0.00395210080504559	0.00972646715051243	0.00383351604051231	0.0035056562977902	0.0123402386128121	0.00413882650759709	0.00500826298297944	0.00525560425283675	0.5	0.0052900260532946	0.00726702616568852	0.00625986631154563	0.00413539330819598	0.00612352184566512	0.00577253445664162	0.0139948571522455	0.00454103249390247	0.00535247724747514	0.00889965764748924	0.0055496845283183	0.0132593901907965	0.00663009259374876	0.0116245636786901	0.0053238249502409	0.0119002677380442	0.00431633373369241	0.00399137556594557	0.00406283159953645	0.00562910523525369	0.00836058182071112	0.00597785828284506	0.00646802490832889	0.00502909891033259	0.00621279347799189	0.0217121413297378	0.0051987424565646	0.0228546391101783	0.00596846032808089	0.00630557285445044	0.00589873757941635	0.0131757610104822	0.00839301392323361	0.00800990696236047	0.00368133423115844	0.00540412950255739	0.00285511083368329	0.00555722618035119	0.0120863352355991	0.00798812818827381	0.00410584472355384	0.00486178725002952	0.00572452555711458	0.0165178378612878	0.0149237725883953	0.00741372251674556	0.0135488673463454	0.0034770543643236	0.00557485289470627	0.00467360570830424
0.0097878053707523	0.0154930955323211	0.00460068707796122	0.00622499651183331	0.0054427811258146	0.0041717114188739	0.00446151154701631	0.00410180191296567	0.00468981454606714	0.00512232277077284	0.00968040024648335	0.0108263167057342	0.0108004895500223	0.00503937783292558	0.0052900260532946	0.5	0.00430428188549261	0.00523991145113376	0.00990995270649177	0.0069948207004291	0.0114087177687983	0.00655238842593355	0.00668648262341911	0.004498877561663	0.00400856669255406	0.00416166161199241	0.00435696456756682	0.0126713769492662	0.00570138788747037	0.0196248673937322	0.0164922922895692	0.00497636854622039	0.00704742939978708	0.00981464599714895	0.00507937088019123	0.0137882594306868	0.00789849451980312	0.0211258239390669	0.00548386705606632	0.0117446059451006	0.00896466598437262	0.00445382043470228	0.00539746238461657	0.0126162787562823	0.0117169506467886	0.00679264866927437	0.0092795473509071	0.00592531520312277	0.0111608210468093	0.00448051042190881	0.0123375927041922	0.00385582807312217	0.00559837323544012	0.00562518494077853	0.0105658113954894	0.00920508173064688	0.00449897254212345	0.00737185091658993	0.00517074471225314	0.00475512526639212	0.00455169710759765	0.00906579051820566	0.00456720167136206	0.00483108367950228	0.01168345317609
0.0130735288459268	0.003656761879848	0.00748693403410313	0.00411274785555294	0.00919080425248861	0.00932563218473647	0.0107685547777786	0.0165262992507527	0.00940915487238626	0.00751063958836174	0.00382639536418602	0.00497951964696461	0.00965932076587606	0.0105799976749894	0.00726702616568852	0.00430428188549261	0.5	0.00429061653988541	0.00651762759159937	0.0106235398798708	0.0039481681507694	0.00528355985753776	0.00415161327658002	0.00515394930420522	0.0038887140783968	0.0163923999582385	0.00479944565724135	0.00464052207969371	0.0094729018625864	0.00541341569381013	0.00390507325687127	0.0056514054131477	0.00843654146080278	0.00794309496554526	0.0175832458924409	0.00850371787273242	0.00520633022296032	0.00508332268821181	0.00826495451949553	0.00538814806626867	0.00438866409706368	0.0295549169096257	0.011140373852946	0.00691922888347287	0.0106193911577753	0.00556175047383799	0.00362070238795433	0.00893823478078869	0.00853532671369583	0.00648964492966723	0.00723691263720783	0.00780010566645912	0.00842843073885369	0.0061260850304065	0.00490123788025308	0.0193698865868137	0.00916685768130695	0.0118447231603048	0.00446427522104007	0.00736518177798584	0.0111916512607845	0.00515005693449371	0.00616822091757274	0.00388227099698556	0.0150016389897922
0.0113894597768489	0.0122625700972798	0.005344413576723	0.0168461889190043	0.00536365968358021	0.00377385549725771	0.00406045695591879	0.00499472636289183	0.00373145814146296	0.00458503662955142	0.0143179213813221	0.00524156978133374	0.00547029481185895	0.00513031530330784	0.00625986631154563	0.00523991145113376	0.00429061653988541	0.5	0.0056138634448786	0.00545433210174531	0.0125275029343118	0.00682936195463871	0.015288485128143	0.021329324597235	0.020713510405611	0.00822349601333913	0.00607792027479442	0.0113926482570402	0.00651018104112806	0.00658367852285051	0.00933197685136804	0.00638084707933915	0.00628494148063227	0.00495208621288099	0.00837092556493651	0.00471195567797598	0.00951264939459202	0.00723089715542954	0.00468407569718213	0.00808445180079095	0.00634762437009353	0.00451609534067508	0.00897484817409083	0.0076707595403586	0.0108632031470597	0.00648731160802407	0.0157342816379666	0.010786149466191	0.00501739889033913	0.00749876594510806	0.00570785540076399	0.00341495685883344	0.00939060429440618	0.0119704743251962	0.00706963554869741	0.00329032808769243	0.00475704375703914	0.0047715988777058	0.00546460042618777	0.00617142651514832	0.00533403160129571	0.00591956953944901	0.00516188211112237	0.0188277391077069	0.00489334896067073
0.00546445101371259	0.00453526650196799	0.00508409074470123	0.0124451081964019	0.00563097007168028	0.00431846195049345	0.0105039212493388	0.00485682287106419	0.0043175138010267	0.0136544282376173	0.00499582579770555	0.00816515645666907	0.0121165399525356	0.00714336585486843	0.00413539330819598	0.00990995270649177	0.00651762759159937	0.0056138634448786	0.5	0.0102787626824052	0.00687986828526548	0.00378826932564242	0.019160885708294	0.00724769010823145	0.00695082712412693	0.00879112401680705	0.00910652455226679	0.00463923024448184	0.00708726407135497	0.00621230297100632	0.00576675430047076	0.0189812401650163	0.00959721077089687	0.00634388879416236	0.00786748225914219	0.010889450799912	0.00559379581961181	0.00491491740266662	0.00618237263704966	0.00690628764939326	0.00459048845366211	0.0120725845193573	0.00449076277842021	0.0114474052956652	0.0048293895537205	0.00728485000985712	0.00412963032529024	0.00590699477253167	0.0093364499198074	0.00877966950802249	0.0106959304334865	0.0132278972913445	0.00691995347360138	0.00446428326822944	0.00635923893157449	0.00722835859511246	0.00742894828318627	0.00550399197487045	0.00453625576164277	0.00422065119324473	0.0115629892386343	0.0050409710758293	0.0105914658987156	0.00830256804510562	0.00632982311469886
0.00671104785971742	0.00495681484268825	0.00559481062606661	0.00757448381631937	0.00986119432532259	0.00505574602589267	0.00523153498920844	0.00912407162071666	0.00454524681770568	0.00617135611836209	0.00496169078894493	0.00472721774975408	0.00864204070259765	0.00602717326161125	0.00612352184566512	0.0069948207004291	0.0106235398798708	0.00545433210174531	0.0102787626824052	0.5	0.00581858257681301	0.0101320162727311	0.00556075082601651	0.00512942028714633	0.00493635773283549	0.0150767139322131	0.00590534220837389	0.00628761633952659	0.0115145380311959	0.00600691623529651	0.0063525344376202	0.00759270613823089	0.0101723285551354	0.00490867374213888	0.0116727874925928	0.00608816520186297	0.00788343251952548	0.00573683955789265	0.00545223928292669	0.00776331273452651	0.0054444771992815	0.00617270732596335	0.0061440687227178	0.0102662370932296	0.00614338164548769	0.00593817908053903	0.009894994215227	0.00838796507875815	0.0280322076401234	0.00591521523468328	0.00590405964984901	0.00654510424958263	0.00641639091970748	0.0149113261658907	0.00778991833080569	0.00512993354525078	0.00739200578117049	0.00583944313598561	0.00587143561606947	0.0062483298013507	0.0108886615478574	0.00615547093180112	0.0104495240721665	0.00457181143372299	0.00617304030123026
0.0103559183365603	0.012693733132134	0.00457971433229343	0.00981847558243243	0.00512013038233922	0.00363027964026643	0.00460025777157138	0.0046325756952273	0.00372726450649449	0.00381712568428838	0.0104567509294548	0.00531262726383283	0.00873084750114228	0.00522133501334133	0.00577253445664162	0.0114087177687983	0.0039481681507694	0.0125275029343118	0.00687986828526548	0.00581858257681301	0.5	0.0068665384287353	0.0204178001888426	0.0179011638519829	0.017916035288336	0.00521984858771357	0.00931578778498109	0.00869787840578889	0.00634331575201489	0.00718035979061129	0.00808624735819873	0.0162349298943086	0.00654530742968687	0.0053337133378434	0.00492108815511873	0.0118559460627245	0.00621234172641723	0.00667842443359514	0.00470364325795861	0.00827411840060675	0.00637428961504681	0.00401152381368685	0.00485274855990623	0.00722050676174248	0.00538691700798704	0.00531481438679577	0.0126260660483219	0.00603824979329069	0.00516486080415175	0.0061845978399724	0.00663019108709855	0.00820791990793054	0.00685290027044077	0.00855998752581076	0.00758065632709317	0.00446277851582448	0.00461928460484628	0.00477899204879661	0.00640171312260786	0.00621832231994955	0.0051128022966489	0.00490566061296195	0.0151870138026442	0.0130658058259578	0.00550742616173178
0.00600857983962417	0.00591185983099144	0.00617794482448717	0.00703856792530377	0.00576155318350703	0.00393352029967939	0.00380680206756115	0.0180002687188907	0.00395257522185294	0.00353315896540544	0.00733459052508505	0.00606678775252929	0.00602010069100752	0.00907060488495725	0.0139948571522455	0.00655238842593355	0.00528355985753776	0.00682936195463871	0.00378826932564242	0.0101320162727311	0.0068665384287353	0.5	0.00469474775267332	0.0040725180871353	0.00446163769158786	0.00496926804998639	0.0146756439173754	0.00833006753333439	0.011886845423734	0.012317340743513	0.0109409746131882	0.00376021506080978	0.00347788421475174	0.0036963769336861	0.00441320337063185	0.00948978146074136	0.00771209199095964	0.00688457765586055	0.00527171334665901	0.00567374126201866	0.0110049541596157	0.00347884929081074	0.0100347273458235	0.00439659022547378	0.00675806803225015	0.010577503089936	0.0563210796782646	0.00670903047093673	0.00670824249773181	0.00303390623869226	0.0066509952256821	0.00262863390068926	0.00529374723053317	0.0101826506365405	0.00814215627343872	0.00365454560893645	0.00420931367573795	0.00775628765766849	0.00999184345802057	0.0213915332979593	0.00487144790131671	0.00620035597631927	0.00285152494749329	0.00466266268122313	0.00572402319354238
0.00607208208492511	0.00622454444368544	0.00461422226712817	0.0104400343321374	0.00516357842566799	0.00374534458243588	0.0158284021335253	0.00426546939031155	0.00372426142521976	0.00805360212162801	0.00618772408451855	0.00790109157261384	0.00999268409851432	0.00581431271278971	0.00454103249390247	0.00668648262341911	0.00415161327658002	0.015288485128143	0.019160885708294	0.00556075082601651	0.0204178001888426	0.00469474775267332	0.5	0.007643327478449	0.00739461338096642	0.00497922256352892	0.00553094177892165	0.00525397849157775	0.00579564041440115	0.0284103949303049	0.00714955415796373	0.0131568324186799	0.00543860198050311	0.00571517561593258	0.00551784188869221	0.0122251503955186	0.00540482537314397	0.0105477429802324	0.00539669740318177	0.0130977959793308	0.00850611178760378	0.0044021633004562	0.00466302579222291	0.00684365552037307	0.00510145888295453	0.004973770130921	0.00573200261762012	0.00542842849788415	0.0103868443551343	0.00473929642037157	0.00607635541162522	0.0055088340860108	0.00540474165599471	0.00712687948907593	0.00602679534230063	0.00726993288874757	0.00659157242341821	0.00462123276393902	0.00553742322613053	0.00509140226427001	0.004930473235011	0.00454859595028327	0.00612888240118697	0.0138943233130897	0.0105277912239105
0.0072040764166231	0.0059570922857579	0.00420987798347955	0.0130671884394322	0.00443702574487168	0.00431363586030359	0.00360812280208189	0.00466298096680424	0.00432294063747267	0.00347755046918876	0.00752808404360922	0.0147825363157613	0.00635073229544515	0.00430638555039287	0.00535247724747514	0.004498877561663	0.00515394930420522	0.021329324597235	0.00724769010823145	0.00512942028714633	0.0179011638519829	0.0040725180871353	0.007643327478449	0.5	0.042206593274795	0.00374769770948394	0.00552938805725833	0.00934952895106046	0.00556600277685666	0.00562600431334446	0.00958847691964265	0.0211908368729567	0.00648472807378947	0.00744782617742325	0.00356639612561494	0.00536729243009651	0.00545413142888982	0.00489037883785389	0.00401758298004275	0.0104882000069606	0.00496478080683014	0.00371118673883908	0.00437814837716227	0.0067128579198854	0.00521010057095403	0.00575885257715076	0.00562703802652546	0.00974782459669245	0.00421917235845679	0.00448494314378018	0.00665975620916359	0.00435471772877849	0.00750710291100499	0.0152807260998033	0.00848437378935845	0.00339530767863867	0.00469431088130428	0.00374022612993314	0.0092730875610487	0.00617379425754006	0.00797361124283879	0.00414912588461855	0.00741116443121052	0.0361569695433367	0.00447715940741714
0.00685072740775155	0.00660202123258585	0.00418458448827855	0.0159200941720842	0.00602806061642158	0.00464243072828765	0.00359773859695646	0.00527680461258656	0.00470494366889739	0.00318158977650331	0.00771460401978182	0.00643500281573685	0.00957165945104058	0.00412701253458908	0.00889965764748924	0.00400856669255406	0.0038887140783968	0.020713510405611	0.00695082712412693	0.00493635773283549	0.017916035288336	0.00446163769158786	0.00739461338096642	0.042206593274795	0.5	0.00462506272492608	0.00660950067987881	0.00888765825203015	0.0061787063584172	0.00579780278387197	0.00593288609049143	0.0175528522265001	0.00520338328290735	0.00603828690348444	0.00390664212398517	0.00470050718522321	0.00503167940465139	0.00494431507887794	0.00384820148352908	0.00821761868723444	0.00618213708463466	0.00418178543527711	0.00501771442502848	0.00943500649212979	0.00577842060188983	0.00601616081540953	0.00653336971987594	0.00892670478564588	0.00424462391739335	0.00540944108089312	0.00909283926935463	0.00480752372805324	0.0115569222440575	0.0116178809795771	0.00566450872294744	0.00270857323872959	0.00617925659562497	0.00380808361592055	0.010239897260437	0.0116168983248559	0.00779397311115889	0.00412164583087557	0.00842882469133724	0.0397367941917865	0.0043314759875791
0.014207612682495	0.00434920059133539	0.00614943264643167	0.0037723819012276	0.0139034292728089	0.0039208311567289	0.00646774457981204	0.00706126418158697	0.00396204107228254	0.00811547611944722	0.00442565555323193	0.00474336961210544	0.0105484549470711	0.0124950485551531	0.0055496845283183	0.00416166161199241	0.0163923999582385	0.00822349601333913	0.00879112401680705	0.0150767139322131	0.00521984858771357	0.00496926804998639	0.00497922256352892	0.00374769770948394	0.00462506272492608	0.5	0.00517584770185409	0.0110084108669226	0.00856495552614982	0.00781946386907226	0.00455068153531081	0.00698572215706506	0.0101347996059967	0.00636494686841585	0.0290186006849014	0.00435940899889881	0.0102482850151885	0.00546059757077954	0.00669789178379499	0.00593984414798255	0.00398769464838822	0.00992070548905925	0.00454427622820583	0.0065753583568944	0.00699154287079473	0.0055463968096442	0.00659447125811054	0.0149443597073411	0.0111690658465041	0.00962442585143727	0.00649523447220969	0.00620048541761321	0.00953050689371735	0.00459060900830697	0.0105638678063379	0.00850020483834386	0.0193192355714225	0.010313438173201	0.00370266530713774	0.00383486229235606	0.0182962148848486	0.00615157927331035	0.00868717566622869	0.00389572324134713	0.00677600642232774
0.00529733526975385	0.00581876851196603	0.00605342103852696	0.00706965271361006	0.00647269748758162	0.00504185635412586	0.00928211920959367	0.00998030866350438	0.00502324270445661	0.0054799263552548	0.0116679630628621	0.0105674953643706	0.00539585434332518	0.009708170362805	0.0132593901907965	0.00435696456756682	0.00479944565724135	0.00607792027479442	0.00910652455226679	0.00590534220837389	0.00931578778498109	0.0146756439173754	0.00553094177892165	0.00552938805725833	0.00660950067987881	0.00517584770185409	0.5	0.00618845186671286	0.0070255410936415	0.00465149368514596	0.00564922732866159	0.00431068098676194	0.0034383984012479	0.0036371838166078	0.00570890096278918	0.005274067143518	0.00560704593176879	0.00667754493462727	0.00450310311431875	0.00551456804386579	0.0116534534458045	0.00503137788080106	0.012584764792661	0.00792518314141701	0.011635976913109	0.00630186795735777	0.0126502152000734	0.00483173870493607	0.00454882510724105	0.00451165910740747	0.00693419163439873	0.00278304573429876	0.0107112696020417	0.0173212706529263	0.00920047220960728	0.00374519922965758	0.00651841326578163	0.00991346777095293	0.0193166815355799	0.0313970366265205	0.00544240253677237	0.00623643878409343	0.00472484172576237	0.00837818178929048	0.00472845062123401
0.0167911770581499	0.0210505547871474	0.0044716069463312	0.00924271875306831	0.00576932605439974	0.00324755277739074	0.00372821167167892	0.00504727269239133	0.00323966824290877	0.00345078713687823	0.015892550669468	0.0049267755246538	0.0059799644316829	0.00618794356260756	0.00663009259374876	0.0126713769492662	0.00464052207969371	0.0113926482570402	0.00463923024448184	0.00628761633952659	0.00869787840578889	0.00833006753333439	0.00525397849157775	0.00934952895106046	0.00888765825203015	0.0110084108669226	0.00618845186671286	0.5	0.00666230016305107	0.00727879542016886	0.0169999507351647	0.00491627412483719	0.0051933444563852	0.00457497848510415	0.0124583068785204	0.00748359676871849	0.0078191475041675	0.00792772254617256	0.0048785206159043	0.0114430298318061	0.00528830861071704	0.00435875032701326	0.00485988365387644	0.00543049213744645	0.0127904295763676	0.00535836241477591	0.0169729773625705	0.0145192179444208	0.00537732134514088	0.0045539481306575	0.00580893453501319	0.00435890424407627	0.00625078218970523	0.0152411988319766	0.0123147451339065	0.00404592301738975	0.00695574307295877	0.00502193360327563	0.00503100258550494	0.00728379290820625	0.00512952828217411	0.00523356774821208	0.00585069465085929	0.00934875578796596	0.00519224096014094
0.0098067820169148	0.00605142534814244	0.00688805524334931	0.00878219460872526	0.0141414880483813	0.00398894053901831	0.00689013485777598	0.00572587152718296	0.00407627259024586	0.00889663594865622	0.00637618015165898	0.00427329349996158	0.00611318991390192	0.008939623884477	0.0116245636786901	0.00570138788747037	0.0094729018625864	0.00651018104112806	0.00708726407135497	0.0115145380311959	0.00634331575201489	0.011886845423734	0.00579564041440115	0.00556600277685666	0.0061787063584172	0.00856495552614982	0.0070255410936415	0.00666230016305107	0.5	0.00619273186072519	0.00937541791847804	0.00806815645674862	0.0118302302590621	0.00634814463772624	0.00813865912415731	0.0118056108168959	0.00773228533480102	0.00639749497794022	0.0121709386213987	0.0107242651446219	0.00751256414112499	0.00920304142429601	0.0163360428943794	0.00638462763649774	0.0105726966989984	0.00847383305665531	0.00837350059762971	0.0058992574399656	0.00957954076950412	0.00600378886144289	0.00694073685838513	0.00591650780449872	0.00846164270675702	0.00855663393940346	0.0122199842858283	0.00509167246593272	0.00633487395512819	0.00473400653018977	0.0107116015768022	0.011441425254626	0.00826054671318997	0.0199662185256068	0.00658288480266847	0.00550657079543211	0.00729766759469894
0.0126826847141752	0.0110463143891136	0.00489335756701314	0.00627949118073701	0.0049706010106011	0.00363107207636551	0.00671413967966976	0.00470625358570042	0.00367908258733021	0.00517243076575365	0.0116399530840821	0.00489093336918275	0.00595051956348268	0.00709808680529963	0.0053238249502409	0.0196248673937322	0.00541341569381013	0.00658367852285051	0.00621230297100632	0.00600691623529651	0.00718035979061129	0.012317340743513	0.0284103949303049	0.00562600431334446	0.00579780278387197	0.00781946386907226	0.00465149368514596	0.00727879542016886	0.00619273186072519	0.5	0.0149422361760431	0.0103952587424879	0.0119502513784972	0.0104482679913931	0.0100626351303442	0.00641398775095021	0.00642586425409854	0.00702441738947028	0.0145486471386782	0.00829252570472947	0.00492175283375198	0.00531017109500698	0.00426290866794605	0.00587450420260067	0.00748085339129845	0.00488410904794412	0.0110209899670067	0.00540587729696917	0.0101274363016356	0.0049823306355741	0.00591061041164184	0.00639787395965717	0.00525203445225512	0.00883879839003238	0.00675040134873966	0.00636267855132934	0.0102726800892878	0.0047816499379528	0.00434444748701821	0.0044723042662959	0.00515891846548809	0.00538153885057726	0.00586965305480906	0.00963100048795951	0.00603383851227108
0.00686535846555257	0.0106427641007357	0.00690771361943621	0.00907289587760861	0.00635053659515654	0.008239891515966	0.00368553256411735	0.00509158346067893	0.00827517093410593	0.00343307165312483	0.00739302610327871	0.0114227190091464	0.0110918179905148	0.00508413676000301	0.0119002677380442	0.0164922922895692	0.00390507325687127	0.00933197685136804	0.00576675430047076	0.0063525344376202	0.00808624735819873	0.0109409746131882	0.00714955415796373	0.00958847691964265	0.00593288609049143	0.00455068153531081	0.00564922732866159	0.0169999507351647	0.00937541791847804	0.0149422361760431	0.5	0.00571405338210255	0.00470883790610888	0.00599005184075628	0.0042681887354374	0.0104930697508567	0.010871718776719	0.00882568041642342	0.00427277695346174	0.0182823581631454	0.00895814249817459	0.00372385873323555	0.00613616937099941	0.00852761972872997	0.00648534751354334	0.00678884005421365	0.00661468595317459	0.0133275943453171	0.0087873877767854	0.00399046482858324	0.00908913134910711	0.00356248548669356	0.0126433118913729	0.00988033054074805	0.0101426053056723	0.00501050871699706	0.00828777323740412	0.00970132129405234	0.012370397272487	0.00846754745664301	0.00423120532501615	0.00963796575792786	0.00397224353765082	0.0100013154347765	0.00591627827319104
